[.#......#.] (2,9) (3,5,6,7,8) (0,7,8,9) (4) (0,2,3) (2,3,4,5,6,7,8,9) (1,2,3,7) (1,8) (0,2,5,6,9) (0,1,2,3,5,6,7) {59,48,81,71,11,42,42,70,42,42}
[##.#] (0,1,3) (1,3) (1,2,3) (0,1,2) {28,47,29,27}
[.###] (0,2,3) (2) (1,2,3) {19,9,30,28}
[#.#.] (0,2) (2,3) (1,2) (0,1) {24,149,156,7}
[..##..#..] (0,4,8) (1,4,8) (1,2,3,5,7,8) (3,4,6,7) (1,2,4,6,7) (0,5,6,7,8) (0,1,3,6,7,8) (0,1,4,5,7) {31,52,25,41,41,43,43,71,52}
[.#...#.#] (1,2,3,4,7) (1,2,4,7) (3,4,5) (0,1,2,3,5,6,7) (0,1,2,3,4,6,7) (1,5,7) {32,58,48,50,52,42,32,58}
[..##..#] (2,3,6) (0,1,3,6) (0,1,3,4,5,6) (1,3,4,5) (0,4,5) {18,1,18,19,19,19,18}
[#..#####.#] (1,2,4) (0,2,5,7) (3,5,6,7,8,9) (0,4,8,9) (5,7) (1,4,7,9) (2,3,4,6,7,8) (0,1,2,3,6,7,8,9) (0,1,4,5,6,7,8) (0,1,3,4,5,6,7,8) (3) {49,34,29,24,64,46,36,68,54,29}
[.##....] (0,1,2,4,6) (1,2,3,5) (0,2,3,5,6) (0,1,4,6) (0,1,3,5) (3,4) (1,3,5,6) (2,6) {35,43,27,43,27,34,40}
[......##] (0,3,5,6,7) (4,5) (0,1,2,3,5,6) (0,1,2,6,7) (0,1,2,3,5,7) (0,1) (3,4,5,6,7) (0,2,5) (1,2,3,4,5,6) (2,5) {68,44,56,31,32,79,41,38}
[.##...##..] (9) (4,9) (2,4,5,6) (2,3,4,5,7,8,9) (0,2,3,4,5,6,7,9) (2,3,8,9) (1,2,4,8) (2,3,6,7,8) (0,1,8,9) (0,2,4,5,6,8,9) (2,3,4,8,9) (5,8) (5,9) {44,29,89,38,189,79,57,24,89,211}
[#####.#.] (0,2,3,4,7) (0,1,2,5) (1,2,4,5,6,7) (0,2,4,6,7) (2,3,4,5,6,7) (0,1,2,5,6,7) (3,4) (1,4,7) (2,7) (2,3,5,6,7) {59,133,105,45,158,48,54,202}
[####.##] (3,5) (4,6) (0,1,2,4,6) (2) (0,1,3) (3,4) {18,18,20,26,32,16,23}
[.###] (0,1,2) (1,2,3) {8,23,23,15}
[##..] (0) (1) (1,2) (0,3) {18,13,5,13}
[#...] (0,2) (0,3) (0,2,3) (1) {22,8,16,12}
[###..#..] (0,1,2,3,5) (0,2,3,7) (0,1,2,3,4,6,7) (1,2,3,4,6,7) (0,3,5,6,7) (1,3,5,7) (1,3,5) (0,3) (0,1,4,5) {71,208,165,227,159,75,163,177}
[#.#.#] (0,4) (2,3) (0,2,4) (0,1,2,4) (2,3,4) {24,9,30,20,37}
[.#.##] (2,3) (0,1) (3,4) (2,4) (1,2,4) (0,2) {31,14,32,2,13}
[#...] (1,2) (3) (0,3) (2) (0,1) (0,2) {43,15,25,21}
[##.#.##] (1,4,6) (0,3,4,5) (1,3,5) (2,5) (0,1,5,6) {25,41,9,20,26,44,31}
[..##.#] (1,4) (0,1,4) (0,1,3,5) (1,2,3,4,5) (0,1,3,4,5) (0,2,3,4) {44,53,13,42,56,30}
[.###] (0,2,3) (0,3) (1,2,3) {29,7,27,36}
[##..#..#] (0,1,4,5) (0,1,3,4,5,6,7) (0,5,7) (1,2,3,4,5) (0,1,2,4,5,7) (0,1,2,5,6,7) (1,2,5) (2,4,6) (0,1,3,5,7) (1,3,6) {235,244,214,33,199,255,29,229}
[##.###.##] (0,3,6,8) (1,2,4,7) (1,2,3,6,7,8) (0,1,3,6,7,8) (2,3,4,5,7,8) (2,3,4,7,8) (0,6) (0,4,5,7) {24,40,46,42,46,8,24,67,42}
[.#...#] (0,3,5) (0,4,5) (1,2,4,5) (0,2,5) {34,20,21,16,37,54}
[#.###....] (0,1,3,4,5,6,7,8) (0,4) (1,3,5,6,7,8) (0,5,8) (1,2,3,4,5,8) (1,2,6) (0,2,3,4,6,7,8) (1,2,3,4,5,6,7,8) (0,3,4,7,8) {55,53,38,52,70,40,48,45,56}
[.##.##.#] (5,7) (0,2) (0,7) (0,1,2,3,4,5) (1,4,5,6) (0,1,2,3,4,6,7) (0,1,4,5) (2,6) {53,43,52,27,43,45,24,19}
[.#.#] (0,1,2,3) (1,3) {0,15,0,15}
[#..#.] (0,1,2) (1,3,4) (1,4) (3,4) (2) {2,34,7,32,45}
[.##.#] (0,3) (1,2,4) (0,3,4) (2,3,4) (1,3,4) (1,3) {12,41,28,53,53}
[#...#] (1,2) (0,1,3) (0,3,4) (0,1) (2,3,4) {33,50,20,22,3}
[##..###] (0,1,2,3,4) (1,3,4,5,6) (4) (0,2) (1,3) (0,2,3,4) (0,2,3,5,6) (1,2,3,4,5,6) (0,1,2,3,6) {64,51,78,77,70,32,39}
[#..##....#] (0,3,4,5,7,9) (3,5,7,8) (0,2,5,6,9) (4,5,8,9) (2,7,8) (0,1,2,4) (0,1,2,3,4,5,7,8) (0,6,8) (0,4,5,7,8,9) {82,16,47,37,48,74,39,60,69,52}
[..#.##..] (0,1,3,7) (3,4,5,6,7) (0,1,4,5,6,7) (2,6) (0,2,3) (0,5,6,7) (3,5) (4,5,6,7) {16,5,18,23,23,41,48,32}
[.##.] (0) (0,1) (2) (2,3) (1,2) {158,9,30,12}
[##...#] (0,5) (0,4,5) (2,3) (0,1,4,5) (2,3,5) {203,186,26,26,202,221}
[#.#...##] (0,1,4,5) (1,2,6) (1,2,3,4,5,6) (0,4,7) (1,5,6,7) (2,4,6) (2,3,5) (0,7) (0,1,2,3,5,6,7) {43,193,184,42,48,80,188,43}
[..#.#.##.#] (1,3,4,6,8,9) (0,1,3,7) (0,1,2,3,4,6,9) (1,3,5,7,9) (0,1,2,4,5,6,7,9) (5,6,7,8,9) (0,1,6,7,8,9) (0,1,2,3,6,7,8) {66,78,42,45,34,33,88,76,65,70}
[#.....#] (1,3,4,6) (2,6) (0,1,3,5) (1,2,4,6) (0,3) {20,43,18,39,32,11,37}
[#.#.##] (3,4,5) (0,3,4,5) (2,4,5) (0,1,2,3,4) (0,1,2) (2,3) (0) {30,11,42,45,42,34}
[###.###.] (0,5) (0,1,4,6) (2,4,5) (1,3,5,6,7) (2) (3,7) {10,7,18,20,11,10,7,20}
[#..#.###] (1,2,3,4,6,7) (0,4,5,7) (1,4) (0,3,7) (0,6) (1,7) {121,38,11,13,29,3,127,28}
[##..##] (0,2,3) (2,3) (0,2,4,5) (1,4,5) {14,18,17,4,31,31}
[#.##..#.] (1,2,6) (5,6) (1,3,4,5,6) (2,5,6,7) (2,3,4,5) (1,2) (0,1,3,5) (0,4) {19,28,22,14,21,34,31,2}
[###.] (2) (0,2,3) (0,1) (0,1,2) (1,3) {204,191,44,17}
[###.....#] (7,8) (1,3,5) (3,4) (0,1,2,3,5,6,7) (0,2,3,5,6) (0,1,2,4,5,6,7) (0,7,8) (0,1,2,3,4,7) (1,4,5,7,8) {43,61,38,58,29,67,34,61,33}
[###..#.] (4,5,6) (0,1,2,3,5,6) (1,2,3,4,5,6) (1,2,3,5) (0,1,3,4,5) (2,3,6) {27,40,44,52,22,47,45}
[#.###..] (2,3,4,5) (0,1,3,4,5) (1,2,4,5,6) (0,1,3,4,6) (2,3) {32,32,25,57,43,26,17}
[.##.#] (2,4) (0) (1,3,4) (1,2,4) (0,4) (0,1,3,4) {32,16,21,14,46}
[#.....#.##] (0,1,2,3,4,5) (0,1,3,5,6,7,8,9) (0,8,9) (0,2,3,5,6,7,8) (3,4,6,7,8,9) (2,3,6,9) (2,8) (0,1,2,3,4,5,6,7,9) (4,9) (2,7,9) {22,9,37,35,19,21,34,26,21,38}
[.#.##..] (1,3,4) (2,6) (0,2,4,6) (0,5) (2,3) (1,2,3,4,6) (0,4,5,6) {18,31,31,35,33,18,29}
[..#.] (1,2) (1) (0,3) {18,31,18,18}
[##.##...] (1,3,7) (0,1,3,4,5,6) (1,4,6,7) (5,6) (1,2) (1,3,4,5,6) {1,41,11,20,20,10,20,20}
[#.#.] (1,3) (1) (0) (0,2) (1,2,3) (0,1) {19,46,20,29}
[..#.#.##.#] (0,1,5,7,8,9) (0,3,5) (0,1,4,8) (0) (2) (2,4,9) (2,5,6) (0,1,8) (0,1,5,6,7,8) (1,3,4,5,7,8,9) (1,3,4,6,7,8,9) {66,86,17,40,49,55,29,57,86,57}
[#.#....#] (0,1,2,3,5,6,7) (0,2,7) (0,1,2,4) (0,2,4,6) (0,1,2,3,4,6,7) (0,1,2,4,5,6,7) (2,5,6,7) {70,46,89,31,47,37,69,63}
[.##.] (1,2,3) (1,2) (1) (2,3) (0,1) {10,207,199,195}
[#.##...##] (0,2,3,5,7) (1,2,3,4,5,7,8) (1,6,8) (2,3,4,8) (0,1,2,3,6,8) (0,1,3,4,5,6,7) (1,2,3,5,7,8) (2,3,6,8) (1,2,3,4,5) (0,2,3,7) (0,3,4,5) {74,50,269,303,47,70,231,56,245}
[###....#] (0,1,2,3,6) (0,7) (2,4,6,7) (3,5) (1,2,4,6) (0,1,3,5) (0,1,2,3,4) {45,36,31,48,29,33,18,25}
[####....#] (1,4,6,7,8) (1,2,3,5,8) (1,2,4,5,6,7,8) (0,1,4) (1,4,5) (0,1,2,3,7) (0,1,2) (4,5) (1,3) {208,270,224,215,61,49,28,220,37}
[..#.#..#.] (4,7) (1,2,6) (0,1,2,4,7,8) (1,3) (0,2,3,5,6) (1,2,3) (1,4,8) {21,48,48,36,18,16,34,13,10}
[...###.] (0,1,2,3,4,6) (5) (0,1,2,6) (1,4) (0,2,3) (3,4,5) (0,1,2,5,6) {49,32,49,31,14,17,30}
[.#.##.] (0,5) (0,3,5) (2,4) (1,4) (1,2,4) (0,3) (0,1,4,5) {33,30,17,9,35,29}
[...###.##] (0,1,3,4,5,6) (4,6) (0,2,3,5,6,7,8) (1,4,5) (0,1,2,3,5,6,8) (0,1,2,3,5,7) (0,2,3,4,5,7) (3,4,5,7,8) (4,5,7) (1,2,5,6,7) {52,68,60,69,62,110,46,78,31}
[##...###.] (3,8) (0,1,3,4,5,6,8) (2,3,4,5) (0,1,5,6,8) (0,1,2,3,5,6,7,8) (2,3,4) (1,2,3,4,5,6,7,8) {52,69,52,72,50,79,69,35,73}
[.#.#.#] (0,1,2,3,5) (0,1,2,4) (1,3,5) (0,1,2,5) (0,3,4,5) (2,4) {37,46,44,19,32,36}
[###.#] (0,1,3,4) (2) (0,4) (1,3,4) (1) {124,24,16,14,134}
[#.###.] (0,2,3,5) (3,4) (0,4) (0,1,3) (2,3,4,5) (1,2) (0,2,5) {33,10,31,59,34,30}
[#...##] (0,3,4) (0,1,2,3,4) (1,3,4) (0,1,2,4,5) (0,2,3,5) {21,9,6,21,24,3}
[..##] (0,1,2,3) (0,2) (0,1) {179,21,162,4}
[##..] (0,2) (1,3) (0,1,2) (0,3) {39,34,22,33}
[.....##] (0,1,2,5) (0,2,5) (0,2,3) (1,2,3,5) (2,5) (2,3,5) (2,3,4,5,6) (1,2,5,6) {169,31,221,187,5,65,23}
[##.##.#..#] (2,3,6,7,9) (2,9) (1,3,5,6,8) (2,7,8) (0,1,2,3,4,5,6,7) (0,1,2,5,6,9) (1,3,4,5,6,7,8,9) (3,5,6,7,8) (0,2,5,8) (0,2,3,5,6,7,8,9) (3,8,9) {23,23,55,71,12,52,60,52,60,61}
[.#.###....] (0,1,2,3,6,7) (2,3,4,5,6,7) (0,1,2,3,4,6,7,9) (0,1,2,3,4,6,7,8,9) (0,2,4,5,6) (1,2,3,4,5,6,8) (0,2,3,4,5,7,8,9) (5,6,8) (2,3,8,9) (1,8) (1,2,3,6,7) (0,1,2,3,7,8,9) {64,81,109,103,67,36,86,75,68,62}
[###..#] (0,2,5) (0,2,3,4,5) (1,2) (0,1,5) (0,2,3,4) (3) (2,3,5) (1,5) {33,40,62,45,20,49}
[##...####.] (1,3,5,6) (0,3,4,7,8,9) (0,2,3,5,8,9) (2,4,7,9) (0,1,3,4,6,7,8,9) (1,3,4,5,7,9) (3,4,6,7,8) (0,1,3,8,9) (0,1,3,5,6,7,8,9) (2,7) {51,71,26,101,79,54,61,101,65,89}
[#....####.] (0,3,4,5,6,7,8,9) (0,4,5,9) (0,1,2,3,4,6,7,9) (0,1,2,3,6,7,8,9) (2) (5,9) (0,1,4,6,7) (3) (0,1,2,4,5,6,7,8) {68,39,42,44,51,54,55,55,38,70}
[.###] (0,1) (2) (0) (2,3) (0,3) {37,2,14,29}
[#.#..##] (0,1,2,5,6) (0,1,3,6) (1,2,3,5) (0,1,4,6) (0,1,5) (0,2,4,5) (1,2,5,6) (1,5) (1,3,6) {43,102,32,45,6,65,63}
[#####.] (0,1,3,4,5) (0,1,4,5) (0,1,2,4) (1,3) (0,1,2,3) {37,51,21,36,24,16}
[#..#.#.] (1,3,5,6) (0,1,2,3,5,6) (1,2,3,5,6) (3,4,5) (2,4) (0,1,5,6) (0,1) {22,35,12,26,6,29,23}
[....###] (0,2,3,5,6) (4,5,6) (0,5,6) (0,2,3,4,5,6) (0,2,3) (0,1,2,4,5) {204,17,195,178,27,205,188}
[#.##..#..#] (1,3,5,6,7) (0,1,2,3,4,5,7,9) (2,3,4,6,8) (2,3,4,8,9) (0,1,2,3,5,8) (1,7,9) (0,2,4,5,6,7,8,9) (0,3,5,7) {159,27,181,47,165,162,145,150,177,165}
[##....] (0,1,4) (2,3) (0,1,5) (1,3,4) (1,2) {32,40,17,9,17,15}
[.##.#.] (1,4) (0,2) (0,1,2,5) (0,2,3) (1,2,3,5) {34,28,37,19,13,15}
[...##] (1,2,3) (0,1,3) (0,1,2,3) (0,2,4) (4) (3,4) (0,3) {44,35,41,66,38}
[#..#.##.#.] (1,2,3,4,5,6,8,9) (0,1,2,4,9) (0,1,2,3,4,6,8,9) (1,2,4,6,8,9) (1,8) (0,3) (2,5,9) (0,4,6,7,9) (2,3,6,7,8) {45,27,49,22,35,20,26,22,18,55}
[#.#.##] (5) (2,3) (0,1,5) (0,1,3,4) (1,4,5) (0,2,3,5) (1,2,3,4,5) (0) {172,30,165,168,21,192}
[.#..#...#.] (3,5,6,7,9) (0,1,2,4,6,8) (2,4,5,6,7) (4,5,8,9) (3,8) (0,6,9) (0,1,2,3,4,5,6,7,8) (1,2,7,9) (0,1,2,3,4,5,6,8) (1,3,7) (0,1,2,5) (0,4,5,6,8,9) {69,65,66,63,63,81,70,50,70,43}
[.#.#] (0,2,3) (1,3) {14,10,14,24}
[##.#.#....] (2,3,5,6,8,9) (3,4,5,7,8) (0,2,3,4,5,7,9) (0,1,2,4,5) (4,6,7,8,9) (0,3,4,5,8,9) (7,8) (0,1,2,4,5,6,7) (2,7) (1,3,5,6,8,9) {48,29,40,42,78,66,36,73,58,46}
[##.#] (0,1) (1,3) (0,2) (0) (2,3) {32,139,18,132}
[.#.##....] (1,2,4,5,6) (0,1,8) (1,2,3,4,5,6,8) (2,4) (2,6,7,8) (0,1,2,3,5,8) (0,1,2,3,5) (0,2,5,6,8) (1,2,3,4,6,7,8) {215,239,277,214,59,230,73,31,239}
[#.##..####] (0,1,2,3,6,7,8,9) (0,1,2,3,6,8,9) (0,2,6) (1,2,3,5,7,8,9) (0,1,2,3,4,5,7,9) (0,1,5,6,7,9) (2,7) (1,2,3,5,6,7,8) (0,1,2,4,8) (0,2,3,4,6,8,9) (2,3,4,5,6,8,9) (4,7) (3,4,5) {54,46,77,75,63,39,56,34,70,65}
[##.#####.] (0,1,2,3,5,6,8) (0,1,2,4,5,7,8) (1,2) (4,5,6,7) (0,2) (5,8) (0,2,6) (0,1,3,4,5,7,8) (0,5,8) (0,1,4,6,7,8) {68,60,38,21,41,56,26,41,70}
[...##] (0,2,4) (0,1,3,4) (0,2) (1,3) (0,3) (1,2,4) {33,16,19,23,18}
[#.#..] (1,2,4) (0,3,4) (2,3,4) {19,13,31,37,50}
[###.#..] (1,3,4,5) (3,5) (2,4) (0,3,5,6) (0,2,3,4,6) (3,4,5,6) {13,13,18,51,44,50,26}
[##.#] (0,2,3) (0,1,3) {37,17,20,37}
[.###...#] (1,2,4,5,6) (1,5,6,7) (4,6) (1,2,3,4,6,7) (4,6,7) (0,2,3,5,7) (4) (1,2,3) (0,1,2,4,5,6,7) (0,1,2,4,5) {24,59,66,45,59,48,60,47}
[.####....#] (1,2,4,8,9) (2,6) (2,4,5,7,8,9) (0,1,2,3,5,6,7,8,9) (0,2,4,5,6,7,8,9) (0,3) (1,2,3,4,5,6,7,9) (0,1,2,3,5,6,8,9) (1,3,4,6,7) (1,3,4,8) {45,66,64,68,51,42,63,37,59,52}
[##.##] (0,3) (1,2) (1,4) {196,32,20,196,12}
[.###.##.#.] (9) (2,3,4,5,6,7,8,9) (0,1,2,3,5,6,8,9) (0,1,2,3,4,6,9) (0,2,3,5,6,7,8,9) (0,1,4) (2,3,4,5,6,7,8) (0,1,3,4,7,8) (4,6) (0,1,2,5,6,8) (0,1,2,3,4,5,7,8,9) (2,3,4,5,7,8,9) {87,82,99,93,84,83,80,64,97,79}
[.##..#] (0,2,3,5) (1,3,5) (1,3,4) (0,1,2) (0,1,3) (2,5) {26,26,36,15,1,24}
[.....#] (0,5) (5) (0,1,2,4,5) (2,3,4,5) (2,3) (0,2,3,4) (0,1,2,4) {44,28,53,25,44,56}
[#.##.#.#] (2,3,4,5) (0,2,3,5) (3,5) (0,2,3,5,7) (0,6) (1,3,4,7) (1,3) {13,24,33,70,31,46,0,14}
[#.####] (1,2,3) (1,2,5) (0,3,4) (0,1,3,4) {23,29,15,37,23,1}
[#.###] (0,4) (2,3,4) (1,3) (0,2,3,4) {22,15,19,34,39}
[..#...#] (0,4,6) (2,3,5) (2,3,4,6) (1,3) (0,1,4,6) (2,5,6) (0,2) (0,2,5) {30,14,74,42,13,43,30}
[#.##..##.] (2,7) (0,1,2,3,5,6,7) (0,3,7) (2,3,4,8) (0,1,5,6) (1,6) (0,2,5,6) (4,5,7,8) (5) (0,2,3,4,5,7,8) (0,5,7) {75,23,64,46,27,72,43,68,27}
[.#.#] (1,3) (0,2) {19,2,19,2}
[##.##] (0,1) (2,3,4) (0) (0,2,3) (0,1,2,4) (1,2,3) (0,2,4) {39,30,45,28,30}
[##.####.] (0,3,4,6,7) (3,4,5,7) (3,4,6) (2,5) (2,5,6) (0,1,2,4) (0,2,3,5,7) {23,20,43,24,44,41,13,21}
[..###..##] (0,1) (0,3,5,6,8) (2,3,4,7,8) (1,3,4,6) (2,3,6,7) (3,4,5,6,8) (0,2,3,5,7) (1,2) {33,31,57,50,11,29,29,38,14}
[.###.#] (1,3,5) (0,2,5) (2,3) (0,1) (1,2,3,5) (0,3,4) {36,31,40,53,13,40}
[#.###.#] (0,1,2,3,6) (0,3,4,5,6) (0,1,2,4,6) (0,1,2) (2,5) (0,2,3,4,5,6) (3,4) {40,25,53,19,37,32,35}
[.#.#...##.] (2,4,5) (1,7,9) (2,3,5,7,9) (0,4,5) (0,1,3,4,5,6,7,8) (0,2,4,5,8,9) (1,4,5,6,7,8) (0,1,2,3,4,5,7,9) {34,30,35,15,50,58,16,38,36,42}
[##.##] (0,3) (1,4) (0,2,3,4) {5,10,5,5,15}
[.##.] (0,1,2) (2,3) (0,3) (0,1) {17,17,19,2}
[#.#####] (1,2,6) (0,1,2,4) (0,3) (0,2) (0,3,5) {173,20,38,135,20,122,0}
[##..] (0,2,3) (1,2) (1,2,3) {11,152,163,151}
[...##..] (1,2,3,4,5) (0,4) (0,1,3,4,6) (0,1,6) (2,3,5,6) (0,1,2,3,5) {59,62,51,64,50,51,45}
[#.###] (1,3) (1,2) (0,2) (0,1,3) (0,1,3,4) (0,2,3) (2,3,4) {25,28,37,43,31}
[#...#.##.] (2,5,6,7,8) (0,1,2,4,6,7,8) (0,4,6,7) (0,1,2,3,4,5,7) (0,2) (3,4,6,7) (0,3,5,7,8) {47,8,36,38,36,29,43,61,29}
[#.#...###] (2,3,8) (4,5,6,8) (2,4,5,6,7) (0,1,2) (1,7) (0,2,4,5,7,8) (1,3,5,7,8) (0,2,6,7,8) {148,142,170,24,34,40,25,28,57}
[#....##.] (0,3,5,6,7) (1,2,3) (0,1,2,7) (3,4) (0,6,7) (2,3,4,5,6,7) (1,2) (1,2,3,4,6,7) {28,50,62,44,36,12,42,56}
[###..#.##] (1,2,3,4,6,7,8) (0,5) (1,2,3,4,8) (1,2,3,4,5,7) (1,5,6,7) (0,2,4,7) (2,3,5,6,7,8) (4,6,7) (1,3,5) (1,4,5,7) {22,92,59,57,80,74,23,80,21}
[#..#.] (1,2,3) (0,2) (0,4) (0,1,2) (2,3) (0,3,4) (1,3,4) {32,7,26,32,24}
[..#..] (0,1,2,3) (1,3,4) (2) {7,11,14,11,4}
[###.#.] (0,1,4,5) (1,2,3,5) (0,1,2,3,4) (1,2,5) (0,2,3,4) (0,1,2,4) {217,233,227,25,217,34}
[.#..#] (0,2,4) (1,3) (0,1,2) (0,2) {22,6,22,3,4}
[##.#..##.#] (0,2,3,4,5,8) (0,2,3,4,5,7) (0,1,4,6,7,8,9) (0,2,3,4,5,7,9) (0,1,2,4,6,9) (0,2,3,5,6,7,8,9) (0,1,3,7,9) (4,7) (0,1,2,3,5) (2,3,4,5,6,8) (1,2,4,5,6,7,8,9) {92,63,71,66,64,56,68,74,56,83}
[.#.###] (0,1,2,5) (2,5) (0,2,4) (1,2,4) (1,3) (2,3,4,5) (3) {36,45,60,43,39,31}
[#.###] (0,3) (2,4) (1,2,3,4) {14,18,37,32,37}
[.......##] (0,2,6,7,8) (1,8) (0,2,4,5,7,8) (0,1,2,3,4,8) (0,1,3,4,5,6,7,8) (0,1,2,3,4,5,7,8) (1,2,3,4,5,7) (4,6) (1,2,3,4,6,7,8) (0,2,8) (0,1,7) {240,238,59,207,213,200,184,232,237}
[#.##.##.] (0,1,3,4,5,7) (1,2,4,6) (0,1,2,3,5,6,7) (3,4,5) (0,1,2,3,4,5,6) (0,2,3,5,6) (1,5,6,7) {23,203,20,23,28,197,194,186}
[..####] (1,2,4,5) (2,4,5) (0,1,4) (2,5) (1,3,4) (0,1,2,3) (1,2,3) (0,3,5) {36,60,79,56,42,54}
[##....#..#] (0,4,5,6,7,8) (0,2,3,4,5,8,9) (1,2,5,6) (0,2,3,4,6,7,8,9) (5,9) (1,2,3,5,8) (0,1,2,3,4,5,7,8) (3,4,6,7,9) (7) {34,42,52,51,42,169,36,57,54,132}
[..####..] (2,4,6,7) (1,3,4,6,7) (0,2,4,5,6,7) (0,2,3,4,5,7) (0,3,4,5,6,7) (1,3,5,7) (0,1,2,3,4,6) (1,3,4,7) (3,5,6,7) {58,182,54,227,229,71,206,242}
[#.##] (0,1,3) (0,2,3) {24,9,15,24}
[#.#..#..##] (1,3,4) (0,4,7,8,9) (2,6) (2,9) (0,1,2,3,5,6,7,9) (0,2,4,5,6,7,8) (0,1,2,3,5,6,7,8,9) (1,4,5,8,9) (0,1,3,4,5,6,7,8,9) (1,7) (1,2,7) (0,1,3,4,6,8,9) {59,77,77,38,40,46,64,86,55,50}
[#..#] (0,3) (0,1,2) (2,3) (1,3) {199,16,7,213}
[####...] (0,2,3,4,5) (1,2,3,5) (1,3) (1,4,6) (1,3,5,6) (3,4) (0,2) (2,3,4,6) (1,2,3,6) {32,37,67,84,53,42,28}
[.#.#] (0,2,3) (2,3) (0) (0,1,3) (1) (2) {16,16,19,15}
[#######.] (1,2,4,5,7) (0,1,2,5,6) (0,1,4,5,6,7) (1,2,3,5,6) (1,2,3,4,6,7) (3,4,5) (0,1,3,4,5) (3,5,6) (3,6) (0,2,4) {45,58,43,45,70,59,39,34}
[##.##..#] (3,6) (0,1) (0,1,3,4,6,7) (3,4,5,6,7) (1,3,4,6,7) (0,1,4,7) (0,5) (0,1,2,4,5,6,7) (0,1,4,5,6,7) {55,56,10,46,53,39,58,53}
[.#.##.#..] (0,1,2,3,4,5,6,7) (4,6,8) (1,3,4,6,7,8) (0,1,2,3,5,7) (0,1,2,3,6,7,8) (5,6) (0,1,2,6,7,8) (1,2) (0,1,2,4,5,6,7) (1,3,5) (1,3,8) {80,135,96,85,49,73,98,97,61}
[.#.#..#.#] (3,6,8) (3,5) (1,2,3,5,6) (2,6) (1,7,8) (0,2,4,6,7) (1,2,3,4,7) (1,4,5,6,7) (2,4) (0,1,3,4,5,6,7,8) (0,1,2,3,4,5,6,8) {18,47,52,152,55,51,170,38,142}
[.#....#] (0,1,4,6) (0,1,2) (0,5,6) (0,2,3,4,6) (3,4) {47,35,32,15,30,0,27}
[#...] (1) (1,2) (0) (1,3) (2) (3) {5,24,17,4}
[.####.#] (0,3,6) (1,3,4) (0,1,2,4,5) (0,2) (0,4,5) (1,2,3,4,6) (1,2,4,5,6) (1,4) (3) {49,50,37,44,65,40,21}
[....#..] (0,2,4) (1,3,4,5) (0,2) (0,1,3,4,5,6) (2,6) (2,4,5,6) (1,2,4,5,6) (2,3,4,5) (0,6) {25,44,72,26,72,63,61}
[##.#...#..] (2,3,4,5,6,7,8,9) (7,8) (0,4,6) (0,3,4,6,7,8,9) (1,3,4,5,6,7,8,9) (3,6,7) (2,4,6,8,9) (0,1,2,3,4,5,6,9) (2,3,4,9) (0,6,8) (2) {44,17,59,47,70,22,77,20,38,51}
[...#.#] (0,2,4) (0,1,3) (1,2,3) (1,2,5) {30,27,29,26,16,1}
[.#..###] (1,2) (1,2,3,4) (5) (1,5) (2,5) (0,1,2,5,6) (0,3,4,5) (2,4,6) (0,1,3) {44,51,64,45,45,61,26}
[##.###.#] (0,1,2,3,4,6,7) (4,7) (0,1,5,6) (0,1,3,5) (3,6) (2,3,5,6,7) {32,32,28,53,28,26,42,39}
[..###.#...] (2,3,4,5,6,7,8) (1,2,4,5,6,7,9) (0,1,4,5,6,7,8) (1,2,3,4,6,9) (1,3,4,5,7,8,9) (0,3,6,8,9) (1,6,7,8) (0,1,2,8) (0,3,4,6,8,9) {32,64,42,44,50,33,68,51,67,52}
[###.#] (2,3) (0,3,4) (1,4) (0,1,4) (1,3,4) (0,2) {176,18,173,5,20}
[######.#.] (0,3,5,6) (0,1,3,6) (2,4,8) (5,8) (0,2,3) (0,2,4,5,7) (0,2,3,4,5,6,8) (3,4,7) (2,3,5,7) (0,1,2,3,5,6,7) {73,22,59,73,30,71,50,32,30}
[..##.] (2,3) (0,3,4) (0,2) (0,1,3) {39,8,18,21,13}
[..#.#.] (0,1,4,5) (0,3,4,5) (2,4) (0,5) (1,2,3,4) (0,1,3,4) (0,1) (2,3) {60,40,42,57,58,37}
[.#....] (3,4,5) (0,3,4,5) (2,3,4) (0,1,4,5) (0,1) (0,2,3,4) (0,1,2) (0,4,5) {36,29,37,28,33,11}
[####.#.] (1,3,4) (1,2,3,6) (0,1,3,4,6) (1,3,5,6) (0,1,2,3,5) {118,157,125,157,14,129,39}
[...####.] (1,2,5,6) (0,1,3,7) (4) (5,6) (1,3,4,5,6) (2,3,4,5,7) (1,4,6,7) {20,47,25,45,59,42,38,54}
[###.#.##.#] (0,1,2,3,4,5,7,9) (0,1,3,7,8,9) (1,8) (2,5) (3,4,6) (0,3,4,8) (1,3,8,9) (1,2,3,4,5,7,8,9) (0,3,4,6,9) (0,2,3,4,5,7) (4,5,6) {39,65,46,89,187,162,136,38,62,48}
[#.#.#] (0,1,3,4) (0,2,4) (0,1,3) (1,2) {206,200,28,189,29}
[#.##.] (1,3) (2,3) (3,4) (1,2) (2) (0,2) {9,39,65,40,1}
[......##.] (0,1,3,4) (0,1,4,7,8) (2,3,5,7,8) (1,2,3,5,6,8) (0,1,2,4,5,6,7,8) (6,7) (3,4,5,6,7) {20,24,23,24,22,25,29,47,32}
[#####.#] (4,5) (0,6) (4,6) (3,4,6) (1,2,3,5,6) (2,5,6) (2,3,4,5,6) (0,4,5) {17,5,36,22,47,52,57}
[#..###.#] (0,2,4,5,6,7) (0,3) (0,1,2,7) (3,4,5) (4,5,7) (0,2,3,4,5,6) {45,20,43,32,50,50,23,40}
[#...#...] (0,3,6) (1,2,4,5,7) (0,1,3,4,5,6) (0,4) (0,2,4,7) (0,1,2,3,7) (1,2,3,5,6,7) (1,3,4,5,7) {44,47,51,47,34,30,23,58}
[..#.#.] (1,5) (0,4) (0,3) (2,3) (0,3,5) {45,0,13,43,15,14}
[###.####.] (0,1,2,4,5,6,7) (1,4,7) (3,5) (0,3,4,7) (0,1,3,4,5,6,8) (0,2,3,4,8) (3,6,7) {29,35,4,36,40,25,34,30,20}
[.######...] (0,1,2,3,5,6,9) (4,5,8,9) (2,3,4,6,7,8,9) (0,3,4,5,7,8) (0,1,2,3,5,7,8,9) (1,2,6) (2,4,7) (0,1,2,4,5,7,9) (0,1,3,4,5,6,8,9) (0,5,6) {203,193,202,188,40,214,31,194,190,197}
[#...####.#] (0,2,3,5,7,9) (0,1,3,4,5,6,8,9) (1,2,3,4,6,7,9) (0,1,4,5,6,7,8,9) (0,1,4,5,6,9) (0,1,3,4,5,6,7,8,9) (1,2,3,5,6) (0,3,4,5,7,9) (0,1,2,4,5,7,8) (0,1) (0,1,2,4,6,7,8) (1,2,5) (1,3,4,5,6,7,8) {74,129,90,65,95,104,89,85,57,50}
[#.#.#...] (1,2,3,5,6) (1,4,5,7) (4,5) (1,4,5,6) (2,5) (0,3,4,7) (0,4) (0,3,4,5) {168,18,35,178,176,47,16,161}
[#######.#.] (0,1,2,3,4,6,7,8) (7,8) (1,6,8,9) (0,1,3,4,8,9) (0,2,5,6,7,8,9) (0,3,8) (0,1,2,3,4,5,6,8) (6) (2,8,9) (0,5,7) (2,3,4,9) {68,56,59,77,61,21,56,36,103,63}
[.#..###] (1,5) (0,1,4,6) (0,2,3,4,6) (0,1,2,4,6) (1,2,3,4,6) (1,2,3,4,5,6) {20,36,40,33,44,13,44}
[##.##] (3) (0,2,3) (2,3,4) (0,1,4) (0,3,4) {176,9,177,200,31}
[##...####.] (0,2,3,4,5,6,7) (0,1,2,3,4,5,6,7) (0,1,2,3,4,5,7,8,9) (1,3,4,5,6,7,8,9) (0,1,2,3,4,5,7,8) (0,2,4,9) (5,7) (0,2,3,6,7,9) (0,1,3,5,6,7,8) (1,3,4,5,7,8) (0,1,2,3,6,8,9) (1,3,9) (0,2,4,6,8,9) {75,58,75,64,92,55,54,58,60,68}
[#..###.###] (1,2,3,7,9) (0,1,2,3,5,6,7) (0,1,2,5,6,8) (0,3,4,6,8,9) (2,3,7) (1,3,5,6,8) (1,2,3,4,5,6,7,8,9) (0,1,2,4,5,6,8) (6) (0,1,2,4,5) (1,3,5,7,9) (0,1,3,5,6,7,8,9) {61,98,76,88,42,90,214,76,53,55}
[###.##] (0,2,3) (1,4) (2,3) (1,5) (0,1,3,4,5) {27,179,33,45,160,31}
[.###] (2,3) (1) (0,1,2) (0,2,3) (0,2) (2) {37,20,46,21}
[##.#] (0,1) (1,2,3) (0,3) (0,1,3) {210,212,17,207}
[.......###] (0,1,2,3,4,5,7,8,9) (0,2,3,7) (2,3,6,8) (0,1,2,3,4,5,7) (4,6,8) (0,1,2,3,4,5,6) (0,1,2,3,4,7,9) (0,1,4,5,7,9) {160,156,153,153,158,137,117,52,16,40}
[.#..#] (0) (0,2,3) (0,3) (0,1,4) (2) (1,2,4) (0,2) {43,128,140,5,128}
[..#....] (2,3) (0,1,2,5,6) (0,1,2,3,5,6) (2,5) (0,4) {36,26,32,23,10,26,26}
[..#######.] (0,2,3,4,5,8,9) (0,2,7,8,9) (1,3,4,6,9) (1,3) (2,8) (0,1,2,3,4,5,7,9) (0,2,3,4,5,7,8,9) (2,5) (4,5,6,9) (0,2,3,4,5,6,8,9) (2,7) (3,6) (2,6) {46,40,85,71,67,59,55,23,49,73}
[###.....#.] (3,4) (4,6,7,8) (0,2,7,8) (0,1,2,4,5,6,7,9) (1,2,3,4,6,8,9) (0,2,3,5,6,7,9) (0,8,9) (0,1,3,5,6,7) {165,135,148,35,137,128,152,155,61,151}
[#.#####] (1,2,5,6) (1,2,3,6) (1,3) (0,1,3,4,5,6) (5) (2,3,4,5,6) (1,2,3,4) (0,2,3,4,5,6) {9,63,58,56,31,44,42}
[.#..#..#] (0,2,3,4,5,6,7) (0,1,2,4,5,7) (0,2,6) (0,1,3,4,5,6) (0,1,2,3,5,7) (1,4) (0,1,2,6,7) (3,5,6,7) (5) {42,20,36,34,23,38,43,37}
[#....#..] (0,1,2,7) (0,2,3,7) (2,3,4,5,6) (5,7) (4,6) (0,1,4) (0,2) (0,1,4,5,6,7) (1,3) {67,41,65,38,52,49,48,66}
[#.#.] (0,2) (0,2,3) (0,1,3) (1,2) (1) (3) {41,51,41,43}
[...#.] (0,2,3,4) (1,2,3,4) (0,2,4) {29,8,37,28,37}
