input: 9,0

0   3:      26          store phase setting in 26   (9,0,5)
2   1001:   26 -4 26    phase setting -4            (5,0,5)
6   3:      27          store input in 27           (5,0,5) (5,5,4)  (5,15,3) (5,35,2) (5,75,1)
8   1002:   27 2 27     multiple input * 2          (5,0,5) (5,10,4) (5,30,3) (5,70,2) (5,150,1)
12  1:      27 26 27    26 + 27                     (5,5,5) (5,15,4) (5,35,3) (5,75,2) (5,155,1)
16  4:      27          output 27                   -> 5    -> 15    -> 35    -> 75    -> 155
18  1001:   28 -1 28    5 - 1                       (5,5,4) (5,15,3) (5,35,2) (5,75,1) (5,155,0)
22  1005:   28 6        jump to 6 if 28 > 0
25  99                  halt

26  0
27  0
28  5

input: 8,155

0   3:      26          store phase setting in 26   (8,0,5)
2   1001:   26 -4 26    phase setting -4            (4,0,5)
6   3:      27          store input in 27           (4,155,5) (4,5,4)  (4,15,3) (4,35,2) (4,75,1)
8   1002:   27 2 27     multiple input * 2          (4,,5) (4,318,4) (4,30,3) (4,70,2) (4,150,1)
12  1:      27 26 27    26 + 27                     (4,159,5) (4,322,4) (4,35,3) (4,75,2) (4,155,1)
16  4:      27          output 27                   -> 314    -> 608    -> 1212    -> 2420    -> 4.836
18  1001:   28 -1 28    5 - 1                       (4,159,4) (4,15,3) (4,35,2) (4,75,1) (4,155,0)
22  1005:   28 6        jump to 6 if 28 > 0
25  99                  halt

26  0
27  0
28  5


4:
314
632
1.268
2.540
5.084

3:
10.171
-20.341
-40.685
-81.373
162.781

2:
325.564
-651.002
-1.302.006
-2.604.014
5.209.054

1:
10.418.109
-20.832.123
-41.664.247
-83.328.495
166.689.759